Experiment	Frequency Sweep	
Date	04.05.2017 16:10:16	
User		
f_res (Hz)	31324.0835	
Q	51857	
Phase (deg)	-616.12	
Amp/Exc (nm/mV)	0.483608	
Number of points	512	
Fit length	11	

[DATA]
Frequency Shift (Hz)	Center Frequency (Hz)	Amplitude (m)	Phase (deg)
-4.77000E+0	31.3237E+3	144.943E-12	115.054E+0
-4.75133E+0	31.3237E+3	146.950E-12	115.925E+0
-4.73266E+0	31.3237E+3	137.206E-12	117.993E+0
-4.71399E+0	31.3237E+3	136.151E-12	115.973E+0
-4.69532E+0	31.3237E+3	143.576E-12	113.092E+0
-4.67665E+0	31.3237E+3	149.679E-12	115.931E+0
-4.65799E+0	31.3237E+3	141.730E-12	115.189E+0
-4.63932E+0	31.3237E+3	142.846E-12	118.934E+0
-4.62065E+0	31.3237E+3	145.471E-12	112.955E+0
-4.60198E+0	31.3237E+3	142.256E-12	116.606E+0
-4.58331E+0	31.3237E+3	144.867E-12	113.646E+0
-4.56464E+0	31.3237E+3	149.517E-12	114.171E+0
-4.54597E+0	31.3237E+3	156.494E-12	117.616E+0
-4.52730E+0	31.3237E+3	151.578E-12	118.218E+0
-4.50863E+0	31.3237E+3	146.536E-12	114.593E+0
-4.48996E+0	31.3237E+3	144.638E-12	113.930E+0
-4.47129E+0	31.3237E+3	153.077E-12	113.671E+0
-4.45262E+0	31.3237E+3	149.733E-12	116.410E+0
-4.43396E+0	31.3237E+3	157.739E-12	119.961E+0
-4.41529E+0	31.3237E+3	149.974E-12	119.140E+0
-4.39662E+0	31.3237E+3	152.184E-12	111.025E+0
-4.37795E+0	31.3237E+3	165.856E-12	118.478E+0
-4.35928E+0	31.3237E+3	143.670E-12	118.754E+0
-4.34061E+0	31.3237E+3	152.093E-12	112.465E+0
-4.32194E+0	31.3237E+3	164.588E-12	115.361E+0
-4.30327E+0	31.3237E+3	157.230E-12	117.631E+0
-4.28460E+0	31.3237E+3	149.638E-12	116.230E+0
-4.26593E+0	31.3237E+3	150.824E-12	113.547E+0
-4.24726E+0	31.3237E+3	171.582E-12	111.684E+0
-4.22860E+0	31.3237E+3	164.203E-12	116.113E+0
-4.20993E+0	31.3237E+3	161.282E-12	112.927E+0
-4.19126E+0	31.3237E+3	166.995E-12	114.181E+0
-4.17259E+0	31.3237E+3	161.174E-12	113.441E+0
-4.15392E+0	31.3237E+3	164.262E-12	119.743E+0
-4.13525E+0	31.3237E+3	160.495E-12	118.486E+0
-4.11658E+0	31.3237E+3	154.625E-12	116.828E+0
-4.09791E+0	31.3237E+3	173.167E-12	112.912E+0
-4.07924E+0	31.3237E+3	153.518E-12	119.326E+0
-4.06057E+0	31.3237E+3	152.524E-12	113.885E+0
-4.04190E+0	31.3237E+3	181.066E-12	115.251E+0
-4.02323E+0	31.3237E+3	164.580E-12	118.177E+0
-4.00457E+0	31.3237E+3	155.535E-12	115.184E+0
-3.98590E+0	31.3237E+3	163.745E-12	114.442E+0
-3.96723E+0	31.3237E+3	173.861E-12	115.501E+0
-3.94856E+0	31.3237E+3	161.679E-12	114.944E+0
-3.92989E+0	31.3237E+3	168.391E-12	115.007E+0
-3.91122E+0	31.3237E+3	160.181E-12	114.181E+0
-3.89255E+0	31.3237E+3	166.999E-12	111.326E+0
-3.87388E+0	31.3237E+3	183.210E-12	108.129E+0
-3.85521E+0	31.3237E+3	185.134E-12	115.270E+0
-3.83654E+0	31.3237E+3	171.983E-12	116.720E+0
-3.81787E+0	31.3237E+3	177.722E-12	114.256E+0
-3.79920E+0	31.3237E+3	178.372E-12	113.592E+0
-3.78053E+0	31.3237E+3	178.228E-12	112.910E+0
-3.76186E+0	31.3237E+3	183.992E-12	118.582E+0
-3.74319E+0	31.3237E+3	173.943E-12	118.290E+0
-3.72453E+0	31.3237E+3	167.788E-12	117.584E+0
-3.70586E+0	31.3237E+3	172.303E-12	117.786E+0
-3.68719E+0	31.3237E+3	170.253E-12	115.940E+0
-3.66852E+0	31.3237E+3	171.997E-12	110.212E+0
-3.64985E+0	31.3237E+3	172.208E-12	108.554E+0
-3.63118E+0	31.3237E+3	193.407E-12	110.807E+0
-3.61251E+0	31.3237E+3	196.650E-12	113.826E+0
-3.59384E+0	31.3237E+3	182.749E-12	114.727E+0
-3.57517E+0	31.3237E+3	194.960E-12	115.018E+0
-3.55650E+0	31.3237E+3	181.508E-12	114.491E+0
-3.53783E+0	31.3237E+3	188.514E-12	111.912E+0
-3.51916E+0	31.3237E+3	199.767E-12	114.850E+0
-3.50049E+0	31.3237E+3	188.715E-12	112.607E+0
-3.48182E+0	31.3237E+3	190.352E-12	116.550E+0
-3.46315E+0	31.3237E+3	202.250E-12	117.812E+0
-3.44448E+0	31.3237E+3	201.114E-12	122.194E+0
-3.42582E+0	31.3237E+3	183.461E-12	122.734E+0
-3.40715E+0	31.3237E+3	180.880E-12	117.063E+0
-3.38848E+0	31.3237E+3	177.336E-12	115.083E+0
-3.36981E+0	31.3237E+3	183.324E-12	108.933E+0
-3.35114E+0	31.3237E+3	175.895E-12	110.932E+0
-3.33247E+0	31.3237E+3	182.580E-12	114.453E+0
-3.31380E+0	31.3237E+3	182.310E-12	113.464E+0
-3.29513E+0	31.3237E+3	176.318E-12	111.819E+0
-3.27646E+0	31.3237E+3	183.915E-12	111.754E+0
-3.25779E+0	31.3237E+3	186.716E-12	109.994E+0
-3.23912E+0	31.3237E+3	195.441E-12	112.585E+0
-3.22045E+0	31.3237E+3	190.715E-12	108.018E+0
-3.20178E+0	31.3237E+3	205.008E-12	112.188E+0
-3.18311E+0	31.3237E+3	203.521E-12	116.590E+0
-3.16444E+0	31.3237E+3	199.696E-12	115.717E+0
-3.14577E+0	31.3237E+3	199.802E-12	117.466E+0
-3.12711E+0	31.3237E+3	205.092E-12	115.517E+0
-3.10844E+0	31.3237E+3	214.554E-12	110.272E+0
-3.08977E+0	31.3237E+3	221.368E-12	110.818E+0
-3.07110E+0	31.3237E+3	202.532E-12	112.089E+0
-3.05243E+0	31.3237E+3	197.167E-12	116.517E+0
-3.03376E+0	31.3237E+3	203.656E-12	118.242E+0
-3.01509E+0	31.3237E+3	210.045E-12	115.570E+0
-2.99642E+0	31.3237E+3	201.086E-12	113.901E+0
-2.97775E+0	31.3237E+3	208.071E-12	115.230E+0
-2.95908E+0	31.3237E+3	229.680E-12	116.263E+0
-2.94041E+0	31.3237E+3	228.114E-12	116.708E+0
-2.92174E+0	31.3237E+3	213.179E-12	114.342E+0
-2.90307E+0	31.3237E+3	232.964E-12	116.087E+0
-2.88440E+0	31.3237E+3	227.827E-12	114.302E+0
-2.86573E+0	31.3237E+3	233.400E-12	116.952E+0
-2.84706E+0	31.3237E+3	264.327E-12	129.056E+0
-2.82840E+0	31.3237E+3	283.175E-12	123.921E+0
-2.80973E+0	31.3237E+3	272.467E-12	113.647E+0
-2.79106E+0	31.3237E+3	251.171E-12	107.605E+0
-2.77239E+0	31.3237E+3	245.424E-12	108.974E+0
-2.75372E+0	31.3237E+3	234.356E-12	111.652E+0
-2.73505E+0	31.3237E+3	229.456E-12	110.523E+0
-2.71638E+0	31.3237E+3	211.353E-12	115.153E+0
-2.69771E+0	31.3237E+3	240.131E-12	116.844E+0
-2.67904E+0	31.3237E+3	238.947E-12	113.885E+0
-2.66037E+0	31.3237E+3	243.063E-12	113.706E+0
-2.64170E+0	31.3237E+3	243.780E-12	113.030E+0
-2.62303E+0	31.3237E+3	241.707E-12	115.430E+0
-2.60436E+0	31.3237E+3	261.580E-12	115.894E+0
-2.58569E+0	31.3237E+3	261.642E-12	111.915E+0
-2.56702E+0	31.3237E+3	255.883E-12	111.743E+0
-2.54836E+0	31.3237E+3	243.022E-12	112.557E+0
-2.52969E+0	31.3237E+3	239.904E-12	112.570E+0
-2.51102E+0	31.3237E+3	249.125E-12	114.238E+0
-2.49235E+0	31.3237E+3	241.406E-12	112.180E+0
-2.47368E+0	31.3237E+3	256.772E-12	114.659E+0
-2.45501E+0	31.3237E+3	259.597E-12	109.826E+0
-2.43634E+0	31.3237E+3	252.358E-12	113.039E+0
-2.41767E+0	31.3237E+3	283.406E-12	110.528E+0
-2.39900E+0	31.3237E+3	249.092E-12	111.892E+0
-2.38033E+0	31.3237E+3	254.800E-12	114.530E+0
-2.36166E+0	31.3237E+3	259.669E-12	111.186E+0
-2.34299E+0	31.3237E+3	260.991E-12	112.054E+0
-2.32432E+0	31.3237E+3	277.902E-12	110.885E+0
-2.30565E+0	31.3237E+3	261.727E-12	110.739E+0
-2.28698E+0	31.3237E+3	259.846E-12	115.189E+0
-2.26831E+0	31.3237E+3	264.270E-12	116.956E+0
-2.24965E+0	31.3237E+3	291.778E-12	113.439E+0
-2.23098E+0	31.3237E+3	286.918E-12	110.353E+0
-2.21231E+0	31.3237E+3	272.876E-12	111.784E+0
-2.19364E+0	31.3237E+3	281.849E-12	113.721E+0
-2.17497E+0	31.3237E+3	269.739E-12	111.117E+0
-2.15630E+0	31.3237E+3	280.315E-12	117.405E+0
-2.13763E+0	31.3237E+3	313.295E-12	112.918E+0
-2.11896E+0	31.3237E+3	286.309E-12	113.427E+0
-2.10029E+0	31.3237E+3	291.825E-12	110.665E+0
-2.08162E+0	31.3237E+3	300.891E-12	114.070E+0
-2.06295E+0	31.3237E+3	288.144E-12	111.403E+0
-2.04428E+0	31.3237E+3	304.837E-12	114.979E+0
-2.02561E+0	31.3237E+3	298.964E-12	109.551E+0
-2.00694E+0	31.3237E+3	296.165E-12	115.344E+0
-1.98827E+0	31.3237E+3	317.215E-12	112.453E+0
-1.96960E+0	31.3237E+3	316.545E-12	112.447E+0
-1.95094E+0	31.3237E+3	310.565E-12	115.395E+0
-1.93227E+0	31.3237E+3	337.622E-12	108.179E+0
-1.91360E+0	31.3237E+3	295.807E-12	112.616E+0
-1.89493E+0	31.3237E+3	316.940E-12	112.529E+0
-1.87626E+0	31.3237E+3	320.221E-12	112.451E+0
-1.85759E+0	31.3237E+3	321.769E-12	111.649E+0
-1.83892E+0	31.3237E+3	313.512E-12	113.675E+0
-1.82025E+0	31.3237E+3	338.463E-12	113.720E+0
-1.80158E+0	31.3237E+3	345.320E-12	109.240E+0
-1.78291E+0	31.3237E+3	322.028E-12	112.785E+0
-1.76424E+0	31.3237E+3	350.199E-12	112.551E+0
-1.74557E+0	31.3237E+3	331.951E-12	111.906E+0
-1.72690E+0	31.3237E+3	355.651E-12	112.495E+0
-1.70824E+0	31.3237E+3	349.535E-12	109.909E+0
-1.68957E+0	31.3237E+3	344.893E-12	112.073E+0
-1.67090E+0	31.3237E+3	353.644E-12	109.864E+0
-1.65223E+0	31.3237E+3	366.320E-12	113.806E+0
-1.63356E+0	31.3237E+3	359.140E-12	109.848E+0
-1.61489E+0	31.3237E+3	345.558E-12	107.664E+0
-1.59622E+0	31.3237E+3	365.264E-12	112.434E+0
-1.57755E+0	31.3237E+3	373.318E-12	109.211E+0
-1.55888E+0	31.3237E+3	370.998E-12	109.420E+0
-1.54021E+0	31.3237E+3	395.672E-12	112.777E+0
-1.52154E+0	31.3237E+3	374.204E-12	110.907E+0
-1.50287E+0	31.3237E+3	374.517E-12	110.890E+0
-1.48420E+0	31.3237E+3	397.343E-12	118.789E+0
-1.46554E+0	31.3237E+3	392.337E-12	102.381E+0
-1.44687E+0	31.3237E+3	412.824E-12	112.594E+0
-1.42820E+0	31.3237E+3	391.228E-12	108.265E+0
-1.40953E+0	31.3237E+3	428.504E-12	107.981E+0
-1.39086E+0	31.3237E+3	388.891E-12	112.120E+0
-1.37219E+0	31.3237E+3	423.964E-12	104.654E+0
-1.35352E+0	31.3237E+3	424.997E-12	108.459E+0
-1.33485E+0	31.3237E+3	398.661E-12	107.269E+0
-1.31618E+0	31.3237E+3	453.270E-12	106.231E+0
-1.29751E+0	31.3237E+3	438.262E-12	110.918E+0
-1.27884E+0	31.3237E+3	444.735E-12	106.599E+0
-1.26017E+0	31.3237E+3	455.436E-12	111.177E+0
-1.24150E+0	31.3237E+3	438.190E-12	105.340E+0
-1.22284E+0	31.3237E+3	481.596E-12	108.513E+0
-1.20417E+0	31.3237E+3	472.302E-12	108.814E+0
-1.18550E+0	31.3237E+3	437.797E-12	107.805E+0
-1.16683E+0	31.3237E+3	489.178E-12	106.949E+0
-1.14816E+0	31.3237E+3	475.055E-12	109.385E+0
-1.12949E+0	31.3237E+3	465.949E-12	106.628E+0
-1.11082E+0	31.3237E+3	501.776E-12	107.208E+0
-1.09215E+0	31.3237E+3	496.457E-12	106.962E+0
-1.07348E+0	31.3237E+3	511.456E-12	107.820E+0
-1.05481E+0	31.3237E+3	512.767E-12	108.696E+0
-1.03614E+0	31.3237E+3	464.168E-12	104.236E+0
-1.01747E+0	31.3237E+3	546.227E-12	104.440E+0
-998.804E-3	31.3237E+3	524.349E-12	105.769E+0
-980.135E-3	31.3237E+3	535.204E-12	105.695E+0
-961.466E-3	31.3237E+3	543.941E-12	106.839E+0
-942.796E-3	31.3237E+3	559.634E-12	105.103E+0
-924.127E-3	31.3237E+3	575.827E-12	107.490E+0
-905.458E-3	31.3237E+3	535.593E-12	104.649E+0
-886.789E-3	31.3237E+3	581.905E-12	101.741E+0
-868.119E-3	31.3237E+3	597.022E-12	104.985E+0
-849.450E-3	31.3237E+3	592.530E-12	103.968E+0
-830.781E-3	31.3237E+3	609.154E-12	104.082E+0
-812.112E-3	31.3237E+3	599.089E-12	103.732E+0
-793.442E-3	31.3237E+3	615.599E-12	101.161E+0
-774.773E-3	31.3237E+3	626.868E-12	101.021E+0
-756.104E-3	31.3237E+3	629.478E-12	101.258E+0
-737.435E-3	31.3237E+3	652.035E-12	100.776E+0
-718.765E-3	31.3237E+3	686.678E-12	101.642E+0
-700.096E-3	31.3237E+3	652.214E-12	102.680E+0
-681.427E-3	31.3237E+3	675.648E-12	99.5000E+0
-662.758E-3	31.3237E+3	727.241E-12	99.6540E+0
-644.088E-3	31.3237E+3	732.361E-12	103.247E+0
-625.419E-3	31.3237E+3	729.507E-12	101.919E+0
-606.750E-3	31.3237E+3	746.141E-12	102.138E+0
-588.081E-3	31.3237E+3	716.221E-12	100.153E+0
-569.411E-3	31.3237E+3	742.079E-12	97.2487E+0
-550.742E-3	31.3237E+3	814.093E-12	97.2216E+0
-532.073E-3	31.3237E+3	830.395E-12	102.334E+0
-513.404E-3	31.3237E+3	801.018E-12	101.604E+0
-494.734E-3	31.3237E+3	822.582E-12	98.4814E+0
-476.065E-3	31.3237E+3	817.644E-12	96.2001E+0
-457.396E-3	31.3237E+3	879.062E-12	94.3227E+0
-438.727E-3	31.3237E+3	923.888E-12	96.6326E+0
-420.057E-3	31.3237E+3	940.346E-12	97.6419E+0
-401.388E-3	31.3237E+3	908.856E-12	96.5310E+0
-382.719E-3	31.3237E+3	941.528E-12	93.8648E+0
-364.049E-3	31.3237E+3	1.02245E-9	93.2948E+0
-345.380E-3	31.3237E+3	1.06892E-9	93.9220E+0
-326.711E-3	31.3237E+3	1.06562E-9	95.4104E+0
-308.042E-3	31.3237E+3	980.753E-12	94.8793E+0
-289.372E-3	31.3237E+3	979.026E-12	90.4209E+0
-270.703E-3	31.3237E+3	1.02040E-9	87.1213E+0
-252.034E-3	31.3237E+3	1.10405E-9	85.8976E+0
-233.364E-3	31.3237E+3	1.16105E-9	86.7419E+0
-214.695E-3	31.3237E+3	1.21029E-9	86.6814E+0
-196.026E-3	31.3237E+3	1.19823E-9	87.1254E+0
-177.357E-3	31.3237E+3	1.21294E-9	85.4805E+0
-158.687E-3	31.3237E+3	1.27913E-9	83.0874E+0
-140.018E-3	31.3237E+3	1.35672E-9	82.4959E+0
-121.349E-3	31.3237E+3	1.39153E-9	82.2702E+0
-102.680E-3	31.3237E+3	1.33312E-9	83.6408E+0
-84.0103E-3	31.3237E+3	1.34908E-9	79.2319E+0
-65.3410E-3	31.3237E+3	1.37764E-9	76.9249E+0
-46.6717E-3	31.3237E+3	1.45288E-9	73.4883E+0
-28.0024E-3	31.3237E+3	1.56048E-9	71.4192E+0
-9.33317E-3	31.3237E+3	1.62464E-9	70.5028E+0
9.33611E-3	31.3237E+3	1.68257E-9	69.5762E+0
28.0054E-3	31.3237E+3	1.72431E-9	67.9238E+0
46.6747E-3	31.3237E+3	1.79625E-9	65.2775E+0
65.3439E-3	31.3237E+3	1.86375E-9	63.2046E+0
84.0132E-3	31.3237E+3	1.89637E-9	61.3128E+0
102.682E-3	31.3237E+3	1.90654E-9	60.3568E+0
121.352E-3	31.3237E+3	1.90601E-9	59.2119E+0
140.021E-3	31.3237E+3	1.96025E-9	56.1176E+0
158.690E-3	31.3237E+3	2.09628E-9	50.7049E+0
177.360E-3	31.3237E+3	2.21894E-9	47.0541E+0
196.029E-3	31.3237E+3	2.26674E-9	43.9163E+0
214.698E-3	31.3237E+3	2.27713E-9	40.8525E+0
233.367E-3	31.3237E+3	2.27503E-9	38.6160E+0
252.037E-3	31.3237E+3	2.26856E-9	37.1370E+0
270.706E-3	31.3237E+3	2.29706E-9	32.8247E+0
289.375E-3	31.3237E+3	2.33805E-9	27.5514E+0
308.045E-3	31.3237E+3	2.39508E-9	23.2110E+0
326.714E-3	31.3237E+3	2.41298E-9	18.7391E+0
345.383E-3	31.3237E+3	2.41804E-9	14.2018E+0
364.052E-3	31.3237E+3	2.36418E-9	10.4658E+0
382.722E-3	31.3237E+3	2.28117E-9	8.00857E+0
401.391E-3	31.3237E+3	2.21244E-9	7.00913E+0
420.060E-3	31.3237E+3	2.15221E-9	4.82138E+0
438.729E-3	31.3237E+3	2.10412E-9	1.68321E+0
457.399E-3	31.3237E+3	2.05682E-9	-1.71364E+0
476.068E-3	31.3237E+3	1.96587E-9	-4.93868E+0
494.737E-3	31.3237E+3	1.91775E-9	-6.56087E+0
513.407E-3	31.3237E+3	1.85655E-9	-9.25838E+0
532.076E-3	31.3237E+3	1.80342E-9	-13.0737E+0
550.745E-3	31.3237E+3	1.72543E-9	-15.3052E+0
569.414E-3	31.3237E+3	1.66400E-9	-16.8300E+0
588.084E-3	31.3237E+3	1.61228E-9	-18.2559E+0
606.753E-3	31.3237E+3	1.56024E-9	-18.5888E+0
625.422E-3	31.3237E+3	1.52585E-9	-19.2800E+0
644.091E-3	31.3237E+3	1.47636E-9	-20.6277E+0
662.761E-3	31.3237E+3	1.41646E-9	-22.1531E+0
681.430E-3	31.3237E+3	1.37226E-9	-24.2683E+0
700.099E-3	31.3237E+3	1.35093E-9	-23.7101E+0
718.768E-3	31.3237E+3	1.33104E-9	-26.6886E+0
737.438E-3	31.3237E+3	1.27116E-9	-28.2866E+0
756.107E-3	31.3237E+3	1.21643E-9	-28.3221E+0
774.776E-3	31.3237E+3	1.20927E-9	-27.9277E+0
793.445E-3	31.3237E+3	1.16552E-9	-28.8832E+0
812.115E-3	31.3237E+3	1.13176E-9	-29.9164E+0
830.784E-3	31.3237E+3	1.12297E-9	-30.6675E+0
849.453E-3	31.3237E+3	1.09793E-9	-31.4650E+0
868.122E-3	31.3237E+3	1.07982E-9	-32.4649E+0
886.792E-3	31.3237E+3	1.04482E-9	-34.4930E+0
905.461E-3	31.3237E+3	1.00455E-9	-34.9913E+0
924.130E-3	31.3237E+3	979.637E-12	-35.5136E+0
942.799E-3	31.3237E+3	967.122E-12	-34.8338E+0
961.469E-3	31.3237E+3	966.636E-12	-36.0253E+0
980.138E-3	31.3237E+3	944.358E-12	-38.1815E+0
998.807E-3	31.3237E+3	900.958E-12	-38.1367E+0
1.01748E+0	31.3237E+3	880.913E-12	-38.5090E+0
1.03615E+0	31.3237E+3	886.467E-12	-38.3016E+0
1.05481E+0	31.3237E+3	852.190E-12	-40.7098E+0
1.07348E+0	31.3237E+3	843.617E-12	-41.1611E+0
1.09215E+0	31.3237E+3	808.785E-12	-39.9378E+0
1.11082E+0	31.3237E+3	811.932E-12	-39.2046E+0
1.12949E+0	31.3237E+3	805.923E-12	-42.0648E+0
1.14816E+0	31.3237E+3	769.528E-12	-41.5858E+0
1.16683E+0	31.3237E+3	767.390E-12	-43.1044E+0
1.18550E+0	31.3237E+3	736.054E-12	-43.1362E+0
1.20417E+0	31.3237E+3	725.159E-12	-43.3698E+0
1.22284E+0	31.3237E+3	701.777E-12	-43.9610E+0
1.24151E+0	31.3237E+3	683.653E-12	-43.3601E+0
1.26018E+0	31.3237E+3	714.845E-12	-44.6609E+0
1.27885E+0	31.3237E+3	680.733E-12	-47.7631E+0
1.29752E+0	31.3237E+3	651.267E-12	-44.7380E+0
1.31618E+0	31.3237E+3	643.194E-12	-44.3727E+0
1.33485E+0	31.3237E+3	649.821E-12	-45.5568E+0
1.35352E+0	31.3237E+3	629.062E-12	-47.3724E+0
1.37219E+0	31.3237E+3	610.365E-12	-46.6843E+0
1.39086E+0	31.3237E+3	608.894E-12	-45.6273E+0
1.40953E+0	31.3237E+3	614.152E-12	-47.9923E+0
1.42820E+0	31.3237E+3	578.005E-12	-48.1840E+0
1.44687E+0	31.3237E+3	564.457E-12	-46.3209E+0
1.46554E+0	31.3237E+3	566.593E-12	-45.5595E+0
1.48421E+0	31.3237E+3	575.872E-12	-47.2498E+0
1.50288E+0	31.3237E+3	542.184E-12	-50.2268E+0
1.52155E+0	31.3237E+3	541.128E-12	-45.2767E+0
1.54022E+0	31.3237E+3	563.242E-12	-49.2990E+0
1.55888E+0	31.3237E+3	501.108E-12	-48.3382E+0
1.57755E+0	31.3237E+3	547.548E-12	-45.7866E+0
1.59622E+0	31.3237E+3	507.338E-12	-51.8243E+0
1.61489E+0	31.3237E+3	500.227E-12	-46.6057E+0
1.63356E+0	31.3237E+3	519.779E-12	-51.0942E+0
1.65223E+0	31.3237E+3	479.804E-12	-47.4895E+0
1.67090E+0	31.3237E+3	495.934E-12	-50.1695E+0
1.68957E+0	31.3237E+3	469.248E-12	-50.4748E+0
1.70824E+0	31.3237E+3	479.185E-12	-49.4159E+0
1.72691E+0	31.3237E+3	457.945E-12	-50.2330E+0
1.74558E+0	31.3237E+3	467.130E-12	-49.0127E+0
1.76425E+0	31.3237E+3	464.734E-12	-51.4377E+0
1.78292E+0	31.3237E+3	436.584E-12	-49.8939E+0
1.80158E+0	31.3237E+3	459.076E-12	-52.1331E+0
1.82025E+0	31.3237E+3	437.328E-12	-48.8150E+0
1.83892E+0	31.3237E+3	434.909E-12	-50.8857E+0
1.85759E+0	31.3237E+3	426.701E-12	-50.4984E+0
1.87626E+0	31.3237E+3	416.126E-12	-49.3703E+0
1.89493E+0	31.3237E+3	410.504E-12	-53.7062E+0
1.91360E+0	31.3237E+3	414.069E-12	-50.5173E+0
1.93227E+0	31.3237E+3	412.736E-12	-53.1781E+0
1.95094E+0	31.3237E+3	394.819E-12	-50.9771E+0
1.96961E+0	31.3237E+3	408.401E-12	-53.0958E+0
1.98828E+0	31.3237E+3	391.041E-12	-49.5784E+0
2.00695E+0	31.3237E+3	358.467E-12	-54.9439E+0
2.02562E+0	31.3237E+3	409.700E-12	-49.7131E+0
2.04429E+0	31.3237E+3	350.995E-12	-57.7545E+0
2.06295E+0	31.3237E+3	386.540E-12	-48.4255E+0
2.08162E+0	31.3237E+3	356.959E-12	-55.6296E+0
2.10029E+0	31.3237E+3	372.783E-12	-50.2367E+0
2.11896E+0	31.3237E+3	358.506E-12	-53.1683E+0
2.13763E+0	31.3237E+3	362.576E-12	-53.7568E+0
2.15630E+0	31.3237E+3	344.781E-12	-51.3237E+0
2.17497E+0	31.3237E+3	349.291E-12	-54.7540E+0
2.19364E+0	31.3237E+3	350.158E-12	-52.5328E+0
2.21231E+0	31.3237E+3	328.062E-12	-53.6805E+0
2.23098E+0	31.3237E+3	343.633E-12	-51.2927E+0
2.24965E+0	31.3237E+3	343.489E-12	-52.5928E+0
2.26832E+0	31.3237E+3	322.817E-12	-53.3943E+0
2.28699E+0	31.3237E+3	342.288E-12	-54.5255E+0
2.30566E+0	31.3237E+3	322.881E-12	-52.2289E+0
2.32433E+0	31.3237E+3	333.076E-12	-53.9200E+0
2.34300E+0	31.3237E+3	333.946E-12	-52.4869E+0
2.36166E+0	31.3237E+3	315.560E-12	-54.3249E+0
2.38033E+0	31.3237E+3	299.091E-12	-53.7652E+0
2.39900E+0	31.3237E+3	317.903E-12	-53.2716E+0
2.41767E+0	31.3237E+3	292.242E-12	-51.1718E+0
2.43634E+0	31.3237E+3	307.518E-12	-59.4855E+0
2.45501E+0	31.3237E+3	310.551E-12	-49.5896E+0
2.47368E+0	31.3237E+3	289.893E-12	-53.8932E+0
2.49235E+0	31.3237E+3	312.438E-12	-55.8586E+0
2.51102E+0	31.3237E+3	284.307E-12	-48.7861E+0
2.52969E+0	31.3237E+3	272.855E-12	-56.1619E+0
2.54836E+0	31.3237E+3	297.282E-12	-57.6324E+0
2.56703E+0	31.3237E+3	301.379E-12	-50.7729E+0
2.58570E+0	31.3237E+3	274.184E-12	-52.3729E+0
2.60437E+0	31.3237E+3	280.145E-12	-57.5653E+0
2.62304E+0	31.3237E+3	290.357E-12	-55.4040E+0
2.64171E+0	31.3237E+3	289.857E-12	-53.1221E+0
2.66037E+0	31.3237E+3	277.672E-12	-50.8994E+0
2.67904E+0	31.3237E+3	248.590E-12	-53.8448E+0
2.69771E+0	31.3237E+3	269.385E-12	-57.6629E+0
2.71638E+0	31.3237E+3	276.197E-12	-55.6726E+0
2.73505E+0	31.3237E+3	262.496E-12	-55.4677E+0
2.75372E+0	31.3237E+3	259.425E-12	-54.8924E+0
2.77239E+0	31.3237E+3	266.029E-12	-54.7962E+0
2.79106E+0	31.3237E+3	263.605E-12	-53.3869E+0
2.80973E+0	31.3237E+3	260.235E-12	-56.3301E+0
2.82840E+0	31.3237E+3	267.784E-12	-54.6556E+0
2.84707E+0	31.3237E+3	269.727E-12	-49.7426E+0
2.86574E+0	31.3237E+3	237.164E-12	-54.4269E+0
2.88441E+0	31.3237E+3	253.489E-12	-57.3981E+0
2.90308E+0	31.3237E+3	257.961E-12	-54.8045E+0
2.92175E+0	31.3237E+3	251.370E-12	-51.7115E+0
2.94041E+0	31.3237E+3	221.571E-12	-52.1997E+0
2.95908E+0	31.3237E+3	226.576E-12	-56.4519E+0
2.97775E+0	31.3237E+3	239.508E-12	-57.3938E+0
2.99642E+0	31.3237E+3	242.367E-12	-55.7660E+0
3.01509E+0	31.3237E+3	247.170E-12	-52.2778E+0
3.03376E+0	31.3237E+3	234.637E-12	-49.9391E+0
3.05243E+0	31.3237E+3	213.337E-12	-52.6515E+0
3.07110E+0	31.3237E+3	226.298E-12	-55.2394E+0
3.08977E+0	31.3237E+3	223.835E-12	-57.6070E+0
3.10844E+0	31.3237E+3	222.426E-12	-53.8180E+0
3.12711E+0	31.3237E+3	214.983E-12	-55.2550E+0
3.14578E+0	31.3237E+3	227.973E-12	-55.7791E+0
3.16445E+0	31.3237E+3	218.261E-12	-55.8460E+0
3.18312E+0	31.3237E+3	216.514E-12	-52.9763E+0
3.20179E+0	31.3237E+3	232.177E-12	-51.8329E+0
3.22046E+0	31.3237E+3	236.337E-12	-52.9805E+0
3.23912E+0	31.3237E+3	221.070E-12	-50.4388E+0
3.25779E+0	31.3237E+3	217.236E-12	-52.0143E+0
3.27646E+0	31.3237E+3	204.669E-12	-54.5928E+0
3.29513E+0	31.3237E+3	203.737E-12	-53.9709E+0
3.31380E+0	31.3237E+3	205.647E-12	-57.4311E+0
3.33247E+0	31.3237E+3	213.618E-12	-58.7160E+0
3.35114E+0	31.3237E+3	215.601E-12	-52.5406E+0
3.36981E+0	31.3237E+3	222.827E-12	-54.4165E+0
3.38848E+0	31.3237E+3	216.099E-12	-53.4301E+0
3.40715E+0	31.3237E+3	205.914E-12	-54.6769E+0
3.42582E+0	31.3237E+3	207.336E-12	-52.5382E+0
3.44449E+0	31.3237E+3	199.382E-12	-56.0291E+0
3.46316E+0	31.3237E+3	184.423E-12	-52.2710E+0
3.48183E+0	31.3237E+3	197.364E-12	-54.9052E+0
3.50050E+0	31.3237E+3	212.358E-12	-53.8991E+0
3.51917E+0	31.3237E+3	208.844E-12	-53.9478E+0
3.53783E+0	31.3237E+3	205.786E-12	-58.3334E+0
3.55650E+0	31.3237E+3	202.732E-12	-55.1797E+0
3.57517E+0	31.3237E+3	198.215E-12	-52.3258E+0
3.59384E+0	31.3237E+3	184.073E-12	-53.9436E+0
3.61251E+0	31.3237E+3	180.746E-12	-54.6755E+0
3.63118E+0	31.3237E+3	174.382E-12	-53.8289E+0
3.64985E+0	31.3237E+3	175.275E-12	-54.1347E+0
3.66852E+0	31.3237E+3	180.561E-12	-52.0588E+0
3.68719E+0	31.3237E+3	177.802E-12	-52.8396E+0
3.70586E+0	31.3237E+3	184.319E-12	-51.3346E+0
3.72453E+0	31.3237E+3	188.303E-12	-55.5495E+0
3.74320E+0	31.3237E+3	188.222E-12	-53.0201E+0
3.76187E+0	31.3237E+3	188.432E-12	-52.9882E+0
3.78054E+0	31.3237E+3	181.571E-12	-51.5363E+0
3.79921E+0	31.3237E+3	174.088E-12	-50.8600E+0
3.81788E+0	31.3237E+3	174.607E-12	-54.2861E+0
3.83654E+0	31.3237E+3	170.250E-12	-51.0036E+0
3.85521E+0	31.3237E+3	168.024E-12	-55.7575E+0
3.87388E+0	31.3237E+3	179.880E-12	-50.9610E+0
3.89255E+0	31.3237E+3	178.336E-12	-50.4444E+0
3.91122E+0	31.3237E+3	179.064E-12	-51.0735E+0
3.92989E+0	31.3237E+3	191.877E-12	-54.9078E+0
3.94856E+0	31.3237E+3	185.914E-12	-58.2202E+0
3.96723E+0	31.3237E+3	169.147E-12	-57.6416E+0
3.98590E+0	31.3237E+3	165.554E-12	-53.8259E+0
4.00457E+0	31.3237E+3	166.378E-12	-52.7217E+0
4.02324E+0	31.3237E+3	166.389E-12	-54.5651E+0
4.04191E+0	31.3237E+3	170.403E-12	-55.4075E+0
4.06058E+0	31.3237E+3	170.082E-12	-57.2640E+0
4.07925E+0	31.3237E+3	173.399E-12	-53.8195E+0
4.09791E+0	31.3237E+3	166.760E-12	-57.1648E+0
4.11658E+0	31.3237E+3	168.492E-12	-54.4476E+0
4.13525E+0	31.3237E+3	159.436E-12	-52.8806E+0
4.15392E+0	31.3237E+3	160.936E-12	-52.8639E+0
4.17259E+0	31.3237E+3	166.858E-12	-52.3223E+0
4.19126E+0	31.3237E+3	171.095E-12	-54.6440E+0
4.20993E+0	31.3237E+3	158.047E-12	-57.5914E+0
4.22860E+0	31.3237E+3	157.110E-12	-57.2261E+0
4.24727E+0	31.3237E+3	150.734E-12	-54.8183E+0
4.26594E+0	31.3237E+3	168.755E-12	-50.1486E+0
4.28461E+0	31.3237E+3	164.356E-12	-58.1086E+0
4.30327E+0	31.3237E+3	161.005E-12	-53.8614E+0
4.32194E+0	31.3237E+3	164.861E-12	-55.9538E+0
4.34061E+0	31.3237E+3	145.776E-12	-53.9713E+0
4.35928E+0	31.3237E+3	164.988E-12	-53.0527E+0
4.37795E+0	31.3237E+3	158.957E-12	-55.3174E+0
4.39662E+0	31.3237E+3	149.250E-12	-56.0635E+0
4.41529E+0	31.3237E+3	155.558E-12	-53.5338E+0
4.43396E+0	31.3237E+3	154.145E-12	-53.6397E+0
4.45263E+0	31.3237E+3	154.734E-12	-54.3798E+0
4.47130E+0	31.3237E+3	145.173E-12	-52.1095E+0
4.48997E+0	31.3237E+3	153.402E-12	-52.1377E+0
4.50864E+0	31.3237E+3	157.298E-12	-53.9817E+0
4.52730E+0	31.3237E+3	154.304E-12	-52.6250E+0
4.54597E+0	31.3237E+3	163.049E-12	-54.6981E+0
4.56464E+0	31.3237E+3	158.835E-12	-56.7601E+0
4.58331E+0	31.3237E+3	148.846E-12	-56.3166E+0
4.60198E+0	31.3237E+3	152.185E-12	-53.6881E+0
4.62065E+0	31.3237E+3	152.680E-12	-53.6107E+0
4.63932E+0	31.3237E+3	147.639E-12	-56.1196E+0
4.65799E+0	31.3237E+3	146.579E-12	-57.4484E+0
4.67666E+0	31.3237E+3	140.290E-12	-55.4065E+0
4.69533E+0	31.3237E+3	145.154E-12	-54.3784E+0
4.71400E+0	31.3237E+3	153.217E-12	-56.3656E+0
4.73266E+0	31.3237E+3	136.296E-12	-55.2610E+0
4.75133E+0	31.3237E+3	145.037E-12	-52.6709E+0
4.77000E+0	31.3237E+3	151.439E-12	-56.0819E+0
