shift	center	amp	phase
2.38000E+0	31.3223E+3	79.0375E-12	-61.4768E+0
2.37069E+0	31.3223E+3	79.8552E-12	-58.7134E+0
2.36137E+0	31.3223E+3	83.0334E-12	-66.0161E+0
2.35206E+0	31.3223E+3	82.0386E-12	-55.7166E+0
2.34274E+0	31.3223E+3	83.2738E-12	-65.2674E+0
2.33343E+0	31.3223E+3	79.2375E-12	-64.7784E+0
2.32411E+0	31.3223E+3	80.2204E-12	-61.1801E+0
2.31480E+0	31.3223E+3	79.2609E-12	-65.2284E+0
2.30548E+0	31.3223E+3	78.6401E-12	-61.2719E+0
2.29616E+0	31.3223E+3	76.9140E-12	-59.6872E+0
2.28685E+0	31.3223E+3	77.0090E-12	-58.8974E+0
2.27753E+0	31.3223E+3	88.0691E-12	-62.1215E+0
2.26822E+0	31.3223E+3	81.1730E-12	-64.6444E+0
2.25890E+0	31.3223E+3	85.0746E-12	-57.8894E+0
2.24959E+0	31.3223E+3	83.8298E-12	-62.7278E+0
2.24027E+0	31.3223E+3	81.0775E-12	-59.9187E+0
2.23096E+0	31.3223E+3	88.9591E-12	-58.7115E+0
2.22164E+0	31.3223E+3	82.0513E-12	-66.1729E+0
2.21233E+0	31.3223E+3	77.4484E-12	-63.0892E+0
2.20301E+0	31.3223E+3	79.1973E-12	-62.0213E+0
2.19370E+0	31.3223E+3	83.0623E-12	-63.3844E+0
2.18438E+0	31.3223E+3	81.3085E-12	-62.4212E+0
2.17507E+0	31.3223E+3	83.1578E-12	-59.3685E+0
2.16575E+0	31.3223E+3	90.3089E-12	-62.4372E+0
2.15644E+0	31.3223E+3	86.3399E-12	-60.7898E+0
2.14712E+0	31.3223E+3	83.8620E-12	-64.5277E+0
2.13781E+0	31.3223E+3	79.9526E-12	-63.7732E+0
2.12849E+0	31.3223E+3	89.7743E-12	-61.7000E+0
2.11918E+0	31.3223E+3	90.9629E-12	-63.6200E+0
2.10986E+0	31.3223E+3	84.5587E-12	-60.1855E+0
2.10055E+0	31.3223E+3	87.9300E-12	-59.4478E+0
2.09123E+0	31.3223E+3	94.7440E-12	-61.3298E+0
2.08192E+0	31.3223E+3	90.8423E-12	-66.5130E+0
2.07260E+0	31.3223E+3	90.1680E-12	-66.0715E+0
2.06329E+0	31.3223E+3	91.6228E-12	-58.2777E+0
2.05397E+0	31.3223E+3	88.7294E-12	-63.9614E+0
2.04466E+0	31.3223E+3	90.7807E-12	-62.0699E+0
2.03534E+0	31.3223E+3	88.3813E-12	-61.1213E+0
2.02603E+0	31.3223E+3	93.4770E-12	-63.5413E+0
2.01671E+0	31.3223E+3	85.3795E-12	-61.3525E+0
2.00740E+0	31.3223E+3	88.9971E-12	-62.0645E+0
1.99808E+0	31.3223E+3	89.3979E-12	-65.0367E+0
1.98877E+0	31.3223E+3	91.6315E-12	-63.0476E+0
1.97945E+0	31.3223E+3	89.1593E-12	-59.5255E+0
1.97014E+0	31.3223E+3	93.3833E-12	-62.2810E+0
1.96082E+0	31.3223E+3	93.0261E-12	-58.2130E+0
1.95151E+0	31.3223E+3	93.8890E-12	-62.6087E+0
1.94219E+0	31.3223E+3	95.2847E-12	-60.5960E+0
1.93288E+0	31.3223E+3	93.3467E-12	-60.4283E+0
1.92356E+0	31.3223E+3	95.0031E-12	-63.1552E+0
1.91425E+0	31.3223E+3	93.6169E-12	-61.1915E+0
1.90493E+0	31.3223E+3	93.6583E-12	-63.0059E+0
1.89562E+0	31.3223E+3	103.162E-12	-60.8523E+0
1.88630E+0	31.3223E+3	103.499E-12	-62.6317E+0
1.87699E+0	31.3223E+3	100.526E-12	-61.9811E+0
1.86767E+0	31.3223E+3	96.0386E-12	-60.3107E+0
1.85836E+0	31.3223E+3	103.991E-12	-65.9137E+0
1.84904E+0	31.3223E+3	103.813E-12	-58.2459E+0
1.83973E+0	31.3223E+3	96.8013E-12	-60.5671E+0
1.83041E+0	31.3223E+3	100.131E-12	-60.5993E+0
1.82110E+0	31.3223E+3	100.393E-12	-64.2071E+0
1.81178E+0	31.3223E+3	97.8860E-12	-58.3653E+0
1.80247E+0	31.3223E+3	98.0319E-12	-62.2518E+0
1.79315E+0	31.3223E+3	100.407E-12	-63.7281E+0
1.78384E+0	31.3223E+3	101.467E-12	-63.1685E+0
1.77452E+0	31.3223E+3	100.755E-12	-57.8280E+0
1.76521E+0	31.3223E+3	98.4431E-12	-64.2672E+0
1.75589E+0	31.3223E+3	103.082E-12	-60.3711E+0
1.74658E+0	31.3223E+3	102.907E-12	-59.1677E+0
1.73726E+0	31.3223E+3	104.838E-12	-60.9533E+0
1.72795E+0	31.3223E+3	103.036E-12	-56.6186E+0
1.71863E+0	31.3223E+3	106.439E-12	-61.3585E+0
1.70932E+0	31.3223E+3	97.7324E-12	-60.7666E+0
1.70000E+0	31.3223E+3	108.934E-12	-62.5396E+0
1.69069E+0	31.3223E+3	113.312E-12	-63.3123E+0
1.68137E+0	31.3223E+3	111.528E-12	-65.5361E+0
1.67206E+0	31.3223E+3	108.124E-12	-59.8514E+0
1.66274E+0	31.3223E+3	100.892E-12	-60.0796E+0
1.65343E+0	31.3223E+3	118.914E-12	-62.5559E+0
1.64411E+0	31.3223E+3	105.041E-12	-62.0243E+0
1.63480E+0	31.3223E+3	114.715E-12	-62.0757E+0
1.62548E+0	31.3223E+3	109.707E-12	-60.6482E+0
1.61617E+0	31.3223E+3	111.219E-12	-67.6163E+0
1.60685E+0	31.3223E+3	115.105E-12	-56.8113E+0
1.59754E+0	31.3223E+3	109.879E-12	-62.6170E+0
1.58822E+0	31.3223E+3	112.459E-12	-63.9885E+0
1.57891E+0	31.3223E+3	113.644E-12	-54.8832E+0
1.56959E+0	31.3223E+3	122.183E-12	-59.9094E+0
1.56028E+0	31.3223E+3	122.973E-12	-58.2211E+0
1.55096E+0	31.3223E+3	115.976E-12	-61.8114E+0
1.54165E+0	31.3223E+3	113.496E-12	-61.3484E+0
1.53233E+0	31.3223E+3	110.425E-12	-63.2499E+0
1.52302E+0	31.3223E+3	119.490E-12	-59.5934E+0
1.51370E+0	31.3223E+3	116.414E-12	-60.9637E+0
1.50439E+0	31.3223E+3	121.156E-12	-62.5272E+0
1.49507E+0	31.3223E+3	112.828E-12	-63.5377E+0
1.48576E+0	31.3223E+3	135.575E-12	-57.9753E+0
1.47644E+0	31.3223E+3	113.198E-12	-61.7302E+0
1.46713E+0	31.3223E+3	127.541E-12	-57.4833E+0
1.45781E+0	31.3223E+3	119.748E-12	-65.6703E+0
1.44850E+0	31.3223E+3	120.659E-12	-59.7181E+0
1.43918E+0	31.3223E+3	123.333E-12	-58.8477E+0
1.42987E+0	31.3223E+3	131.211E-12	-55.9046E+0
1.42055E+0	31.3223E+3	121.659E-12	-63.3891E+0
1.41124E+0	31.3223E+3	130.701E-12	-58.9894E+0
1.40192E+0	31.3223E+3	134.375E-12	-59.2408E+0
1.39261E+0	31.3223E+3	120.139E-12	-63.5332E+0
1.38329E+0	31.3223E+3	143.142E-12	-58.4925E+0
1.37398E+0	31.3223E+3	123.695E-12	-65.3609E+0
1.36466E+0	31.3223E+3	130.488E-12	-55.8104E+0
1.35535E+0	31.3223E+3	132.490E-12	-63.4204E+0
1.34603E+0	31.3223E+3	129.608E-12	-54.8497E+0
1.33672E+0	31.3223E+3	129.730E-12	-61.2592E+0
1.32740E+0	31.3223E+3	139.724E-12	-58.1571E+0
1.31809E+0	31.3223E+3	146.051E-12	-62.7205E+0
1.30877E+0	31.3223E+3	118.151E-12	-64.4006E+0
1.29946E+0	31.3223E+3	146.349E-12	-56.1658E+0
1.29014E+0	31.3223E+3	139.551E-12	-66.8968E+0
1.28083E+0	31.3223E+3	125.352E-12	-57.0541E+0
1.27151E+0	31.3223E+3	147.515E-12	-56.8982E+0
1.26220E+0	31.3223E+3	146.713E-12	-62.3170E+0
1.25288E+0	31.3223E+3	136.116E-12	-62.2541E+0
1.24357E+0	31.3223E+3	142.635E-12	-57.1942E+0
1.23425E+0	31.3223E+3	145.630E-12	-64.0929E+0
1.22494E+0	31.3223E+3	154.612E-12	-62.4700E+0
1.21562E+0	31.3223E+3	151.756E-12	-66.3728E+0
1.20631E+0	31.3223E+3	138.979E-12	-59.4259E+0
1.19699E+0	31.3223E+3	148.149E-12	-60.8075E+0
1.18768E+0	31.3223E+3	148.668E-12	-58.3983E+0
1.17836E+0	31.3223E+3	153.429E-12	-60.8115E+0
1.16905E+0	31.3223E+3	149.806E-12	-61.4202E+0
1.15973E+0	31.3223E+3	157.674E-12	-62.5600E+0
1.15042E+0	31.3223E+3	162.424E-12	-65.8329E+0
1.14110E+0	31.3223E+3	140.231E-12	-62.0011E+0
1.13179E+0	31.3223E+3	148.717E-12	-57.9319E+0
1.12247E+0	31.3223E+3	167.857E-12	-55.5786E+0
1.11316E+0	31.3223E+3	159.695E-12	-60.5947E+0
1.10384E+0	31.3223E+3	164.494E-12	-63.0905E+0
1.09453E+0	31.3223E+3	154.048E-12	-61.4572E+0
1.08521E+0	31.3223E+3	158.950E-12	-59.7086E+0
1.07590E+0	31.3223E+3	162.660E-12	-60.2975E+0
1.06658E+0	31.3223E+3	171.363E-12	-64.0739E+0
1.05727E+0	31.3223E+3	169.680E-12	-69.9867E+0
1.04795E+0	31.3223E+3	156.952E-12	-64.0293E+0
1.03864E+0	31.3223E+3	157.727E-12	-61.2396E+0
1.02932E+0	31.3223E+3	169.252E-12	-63.6419E+0
1.02001E+0	31.3223E+3	171.304E-12	-62.0883E+0
1.01069E+0	31.3223E+3	161.398E-12	-60.8835E+0
1.00138E+0	31.3223E+3	163.982E-12	-62.6021E+0
992.063E-3	31.3223E+3	175.927E-12	-55.0043E+0
982.748E-3	31.3223E+3	186.832E-12	-57.3388E+0
973.433E-3	31.3223E+3	182.052E-12	-56.8720E+0
964.118E-3	31.3223E+3	173.533E-12	-55.8008E+0
954.803E-3	31.3223E+3	176.549E-12	-58.7678E+0
945.488E-3	31.3223E+3	177.672E-12	-53.9023E+0
936.173E-3	31.3223E+3	171.002E-12	-58.6447E+0
926.857E-3	31.3223E+3	190.625E-12	-61.9102E+0
917.542E-3	31.3223E+3	190.117E-12	-64.4386E+0
908.227E-3	31.3223E+3	185.410E-12	-57.2335E+0
898.912E-3	31.3223E+3	186.186E-12	-56.3361E+0
889.597E-3	31.3223E+3	180.912E-12	-56.2086E+0
880.282E-3	31.3223E+3	181.312E-12	-59.8763E+0
870.967E-3	31.3223E+3	180.003E-12	-63.6179E+0
861.652E-3	31.3223E+3	181.311E-12	-63.9037E+0
852.337E-3	31.3223E+3	179.048E-12	-63.0862E+0
843.022E-3	31.3223E+3	187.754E-12	-66.7774E+0
833.707E-3	31.3223E+3	221.185E-12	-63.9127E+0
824.392E-3	31.3223E+3	219.153E-12	-54.5314E+0
815.077E-3	31.3223E+3	207.767E-12	-57.2882E+0
805.762E-3	31.3223E+3	201.549E-12	-55.4174E+0
796.446E-3	31.3223E+3	205.157E-12	-59.6641E+0
787.131E-3	31.3223E+3	212.840E-12	-58.8751E+0
777.816E-3	31.3223E+3	227.695E-12	-61.3218E+0
768.501E-3	31.3223E+3	243.949E-12	-58.2419E+0
759.186E-3	31.3223E+3	241.797E-12	-56.3541E+0
749.871E-3	31.3223E+3	238.802E-12	-56.7931E+0
740.556E-3	31.3223E+3	234.767E-12	-58.7433E+0
731.241E-3	31.3223E+3	233.660E-12	-57.3862E+0
721.926E-3	31.3223E+3	242.056E-12	-58.7587E+0
712.611E-3	31.3223E+3	231.255E-12	-57.8730E+0
703.296E-3	31.3223E+3	246.442E-12	-58.2742E+0
693.981E-3	31.3223E+3	245.488E-12	-58.9155E+0
684.666E-3	31.3223E+3	240.654E-12	-53.8344E+0
675.350E-3	31.3223E+3	231.095E-12	-59.4118E+0
666.035E-3	31.3223E+3	260.233E-12	-66.7158E+0
656.720E-3	31.3223E+3	282.739E-12	-53.4222E+0
647.405E-3	31.3223E+3	241.384E-12	-55.4715E+0
638.090E-3	31.3223E+3	268.008E-12	-59.8424E+0
628.775E-3	31.3223E+3	267.238E-12	-53.0737E+0
619.460E-3	31.3223E+3	252.100E-12	-57.9427E+0
610.145E-3	31.3223E+3	271.402E-12	-59.8590E+0
600.830E-3	31.3223E+3	287.410E-12	-54.7505E+0
591.515E-3	31.3223E+3	279.725E-12	-55.1595E+0
582.200E-3	31.3223E+3	275.144E-12	-58.7326E+0
572.885E-3	31.3223E+3	294.421E-12	-55.7653E+0
563.570E-3	31.3223E+3	284.663E-12	-56.9839E+0
554.255E-3	31.3223E+3	309.408E-12	-60.4647E+0
544.939E-3	31.3223E+3	307.948E-12	-54.2060E+0
535.624E-3	31.3223E+3	296.987E-12	-56.1372E+0
526.309E-3	31.3223E+3	302.973E-12	-52.9654E+0
516.994E-3	31.3223E+3	319.418E-12	-59.4364E+0
507.679E-3	31.3223E+3	314.642E-12	-55.2581E+0
498.364E-3	31.3223E+3	318.951E-12	-56.3554E+0
489.049E-3	31.3223E+3	322.201E-12	-57.5504E+0
479.734E-3	31.3223E+3	348.892E-12	-57.3202E+0
470.419E-3	31.3223E+3	312.652E-12	-52.2699E+0
461.104E-3	31.3223E+3	354.879E-12	-60.3885E+0
451.789E-3	31.3223E+3	336.500E-12	-48.7287E+0
442.474E-3	31.3223E+3	363.916E-12	-56.6534E+0
433.159E-3	31.3223E+3	365.721E-12	-51.2706E+0
423.844E-3	31.3223E+3	373.741E-12	-58.6559E+0
414.528E-3	31.3223E+3	381.053E-12	-51.2521E+0
405.213E-3	31.3223E+3	366.126E-12	-54.9399E+0
395.898E-3	31.3223E+3	417.747E-12	-52.6964E+0
386.583E-3	31.3223E+3	370.415E-12	-56.4061E+0
377.268E-3	31.3223E+3	425.729E-12	-52.1384E+0
367.953E-3	31.3223E+3	398.908E-12	-56.3723E+0
358.638E-3	31.3223E+3	422.551E-12	-51.0684E+0
349.323E-3	31.3223E+3	434.432E-12	-54.5776E+0
340.008E-3	31.3223E+3	439.751E-12	-52.3386E+0
330.693E-3	31.3223E+3	440.898E-12	-50.0858E+0
321.378E-3	31.3223E+3	442.861E-12	-50.1911E+0
312.063E-3	31.3223E+3	481.291E-12	-55.1381E+0
302.748E-3	31.3223E+3	472.222E-12	-50.9046E+0
293.432E-3	31.3223E+3	498.378E-12	-50.6020E+0
284.117E-3	31.3223E+3	489.585E-12	-49.6149E+0
274.802E-3	31.3223E+3	539.224E-12	-51.9361E+0
265.487E-3	31.3223E+3	497.464E-12	-49.1949E+0
256.172E-3	31.3223E+3	568.911E-12	-48.5731E+0
246.857E-3	31.3223E+3	542.898E-12	-48.8482E+0
237.542E-3	31.3223E+3	559.766E-12	-49.3764E+0
228.227E-3	31.3223E+3	597.141E-12	-47.7447E+0
218.912E-3	31.3223E+3	603.706E-12	-48.4547E+0
209.597E-3	31.3223E+3	610.187E-12	-48.8408E+0
200.282E-3	31.3223E+3	623.164E-12	-47.4380E+0
190.967E-3	31.3223E+3	651.098E-12	-45.8601E+0
181.652E-3	31.3223E+3	683.310E-12	-46.0080E+0
172.337E-3	31.3223E+3	712.727E-12	-45.7543E+0
163.021E-3	31.3223E+3	698.664E-12	-45.5244E+0
153.706E-3	31.3223E+3	728.442E-12	-43.4616E+0
144.391E-3	31.3223E+3	765.585E-12	-41.9897E+0
135.076E-3	31.3223E+3	813.081E-12	-42.2225E+0
125.761E-3	31.3223E+3	857.608E-12	-42.1493E+0
116.446E-3	31.3223E+3	866.444E-12	-43.7796E+0
107.131E-3	31.3223E+3	867.287E-12	-42.9369E+0
97.8160E-3	31.3223E+3	913.123E-12	-36.9588E+0
88.5009E-3	31.3223E+3	983.131E-12	-35.8149E+0
79.1858E-3	31.3223E+3	1.00666E-9	-35.4218E+0
69.8708E-3	31.3223E+3	1.03602E-9	-34.6821E+0
60.5557E-3	31.3223E+3	1.09313E-9	-33.8155E+0
51.2406E-3	31.3223E+3	1.13297E-9	-32.7014E+0
41.9255E-3	31.3223E+3	1.20596E-9	-30.2418E+0
32.6105E-3	31.3223E+3	1.26994E-9	-27.8925E+0
23.2954E-3	31.3223E+3	1.34850E-9	-25.2562E+0
13.9803E-3	31.3223E+3	1.40693E-9	-22.8989E+0
4.66527E-3	31.3223E+3	1.47290E-9	-21.8060E+0
-4.64980E-3	31.3223E+3	1.54090E-9	-19.6766E+0
-13.9649E-3	31.3223E+3	1.59828E-9	-16.2583E+0
-23.2799E-3	31.3223E+3	1.66938E-9	-11.8328E+0
-32.5950E-3	31.3223E+3	1.76044E-9	-8.17866E+0
-41.9101E-3	31.3223E+3	1.84491E-9	-4.50855E+0
-51.2251E-3	31.3223E+3	1.92068E-9	-230.910E-3
-60.5402E-3	31.3223E+3	1.98388E-9	4.41135E+0
-69.8553E-3	31.3223E+3	2.07572E-9	9.05335E+0
-79.1704E-3	31.3223E+3	2.16690E-9	14.2962E+0
-88.4854E-3	31.3223E+3	2.22733E-9	19.5106E+0
-97.8005E-3	31.3223E+3	2.26653E-9	25.1262E+0
-107.116E-3	31.3223E+3	2.28643E-9	31.9013E+0
-116.431E-3	31.3223E+3	2.29475E-9	38.5785E+0
-125.746E-3	31.3223E+3	2.27244E-9	44.9436E+0
-135.061E-3	31.3223E+3	2.22521E-9	52.2581E+0
-144.376E-3	31.3223E+3	2.14362E-9	57.5832E+0
-153.691E-3	31.3223E+3	2.04509E-9	63.3537E+0
-163.006E-3	31.3223E+3	1.94182E-9	69.0739E+0
-172.321E-3	31.3223E+3	1.80529E-9	74.3636E+0
-181.636E-3	31.3223E+3	1.67193E-9	78.8133E+0
-190.951E-3	31.3223E+3	1.53857E-9	82.3607E+0
-200.266E-3	31.3223E+3	1.43659E-9	84.5036E+0
-209.581E-3	31.3223E+3	1.32321E-9	86.9274E+0
-218.896E-3	31.3223E+3	1.26200E-9	87.3152E+0
-228.211E-3	31.3223E+3	1.22638E-9	89.6921E+0
-237.527E-3	31.3223E+3	1.11806E-9	91.5854E+0
-246.842E-3	31.3223E+3	1.04747E-9	91.1939E+0
-256.157E-3	31.3223E+3	991.710E-12	91.5158E+0
-265.472E-3	31.3223E+3	963.393E-12	93.5410E+0
-274.787E-3	31.3223E+3	895.702E-12	94.8472E+0
-284.102E-3	31.3223E+3	859.330E-12	93.5167E+0
-293.417E-3	31.3223E+3	869.013E-12	94.2131E+0
-302.732E-3	31.3223E+3	833.331E-12	98.2766E+0
-312.047E-3	31.3223E+3	764.115E-12	100.245E+0
-321.362E-3	31.3223E+3	703.924E-12	96.2974E+0
-330.677E-3	31.3223E+3	723.587E-12	98.1092E+0
-339.992E-3	31.3223E+3	698.175E-12	97.2027E+0
-349.307E-3	31.3223E+3	697.297E-12	100.431E+0
-358.623E-3	31.3223E+3	629.572E-12	99.3301E+0
-367.938E-3	31.3223E+3	635.261E-12	98.0695E+0
-377.253E-3	31.3223E+3	631.734E-12	101.090E+0
-386.568E-3	31.3223E+3	620.281E-12	102.265E+0
-395.883E-3	31.3223E+3	578.470E-12	104.329E+0
-405.198E-3	31.3223E+3	567.470E-12	100.238E+0
-414.513E-3	31.3223E+3	558.036E-12	101.979E+0
-423.828E-3	31.3223E+3	518.989E-12	104.129E+0
-433.143E-3	31.3223E+3	529.652E-12	103.014E+0
-442.458E-3	31.3223E+3	512.211E-12	103.434E+0
-451.773E-3	31.3223E+3	482.213E-12	104.486E+0
-461.088E-3	31.3223E+3	483.006E-12	104.565E+0
-470.403E-3	31.3223E+3	480.841E-12	102.803E+0
-479.718E-3	31.3223E+3	463.560E-12	105.419E+0
-489.034E-3	31.3223E+3	459.184E-12	105.716E+0
-498.349E-3	31.3223E+3	445.474E-12	104.645E+0
-507.664E-3	31.3223E+3	421.863E-12	107.610E+0
-516.979E-3	31.3223E+3	427.119E-12	105.004E+0
-526.294E-3	31.3223E+3	432.720E-12	105.916E+0
-535.609E-3	31.3223E+3	412.538E-12	106.651E+0
-544.924E-3	31.3223E+3	402.886E-12	103.345E+0
-554.239E-3	31.3223E+3	378.725E-12	111.032E+0
-563.554E-3	31.3223E+3	378.678E-12	105.013E+0
-572.869E-3	31.3223E+3	384.272E-12	107.056E+0
-582.184E-3	31.3223E+3	383.072E-12	103.437E+0
-591.499E-3	31.3223E+3	354.498E-12	107.250E+0
-600.814E-3	31.3223E+3	366.973E-12	108.606E+0
-610.129E-3	31.3223E+3	333.835E-12	109.150E+0
-619.445E-3	31.3223E+3	359.799E-12	108.755E+0
-628.760E-3	31.3223E+3	336.548E-12	103.078E+0
-638.075E-3	31.3223E+3	337.257E-12	107.953E+0
-647.390E-3	31.3223E+3	326.540E-12	108.757E+0
-656.705E-3	31.3223E+3	326.464E-12	108.145E+0
-666.020E-3	31.3223E+3	320.533E-12	107.562E+0
-675.335E-3	31.3223E+3	325.261E-12	106.308E+0
-684.650E-3	31.3223E+3	301.182E-12	104.668E+0
-693.965E-3	31.3223E+3	306.337E-12	111.318E+0
-703.280E-3	31.3223E+3	329.153E-12	108.438E+0
-712.595E-3	31.3223E+3	278.131E-12	102.862E+0
-721.910E-3	31.3223E+3	296.927E-12	111.178E+0
-731.225E-3	31.3223E+3	291.877E-12	107.516E+0
-740.541E-3	31.3223E+3	262.822E-12	112.658E+0
-749.856E-3	31.3223E+3	290.868E-12	106.557E+0
-759.171E-3	31.3223E+3	252.791E-12	110.657E+0
-768.486E-3	31.3223E+3	293.576E-12	111.030E+0
-777.801E-3	31.3223E+3	264.369E-12	100.538E+0
-787.116E-3	31.3223E+3	244.572E-12	114.978E+0
-796.431E-3	31.3223E+3	271.093E-12	107.648E+0
-805.746E-3	31.3223E+3	266.181E-12	110.429E+0
-815.061E-3	31.3223E+3	264.181E-12	110.332E+0
-824.376E-3	31.3223E+3	269.531E-12	104.177E+0
-833.691E-3	31.3223E+3	223.669E-12	110.294E+0
-843.006E-3	31.3223E+3	235.268E-12	114.415E+0
-852.321E-3	31.3223E+3	245.256E-12	109.482E+0
-861.636E-3	31.3223E+3	247.583E-12	111.754E+0
-870.952E-3	31.3223E+3	253.669E-12	113.533E+0
-880.267E-3	31.3223E+3	248.751E-12	110.438E+0
-889.582E-3	31.3223E+3	228.978E-12	102.847E+0
-898.897E-3	31.3223E+3	201.380E-12	106.548E+0
-908.212E-3	31.3223E+3	208.252E-12	113.268E+0
-917.527E-3	31.3223E+3	227.254E-12	113.537E+0
-926.842E-3	31.3223E+3	207.981E-12	108.940E+0
-936.157E-3	31.3223E+3	217.370E-12	113.400E+0
-945.472E-3	31.3223E+3	209.171E-12	110.251E+0
-954.787E-3	31.3223E+3	197.115E-12	112.256E+0
-964.102E-3	31.3223E+3	206.695E-12	112.264E+0
-973.417E-3	31.3223E+3	209.969E-12	111.567E+0
-982.732E-3	31.3223E+3	222.273E-12	111.264E+0
-992.047E-3	31.3223E+3	198.070E-12	107.904E+0
-1.00136E+0	31.3223E+3	196.758E-12	114.296E+0
-1.01068E+0	31.3223E+3	197.466E-12	112.188E+0
-1.01999E+0	31.3223E+3	199.235E-12	109.101E+0
-1.02931E+0	31.3223E+3	182.603E-12	109.639E+0
-1.03862E+0	31.3223E+3	187.559E-12	109.533E+0
-1.04794E+0	31.3223E+3	184.385E-12	107.022E+0
-1.05725E+0	31.3223E+3	166.390E-12	111.031E+0
-1.06657E+0	31.3223E+3	164.413E-12	116.861E+0
-1.07588E+0	31.3223E+3	176.258E-12	117.866E+0
-1.08520E+0	31.3223E+3	187.023E-12	115.896E+0
-1.09451E+0	31.3223E+3	199.629E-12	113.402E+0
-1.10383E+0	31.3223E+3	192.135E-12	109.044E+0
-1.11314E+0	31.3223E+3	193.360E-12	109.381E+0
-1.12246E+0	31.3223E+3	181.947E-12	116.993E+0
-1.13177E+0	31.3223E+3	184.830E-12	118.567E+0
-1.14109E+0	31.3223E+3	170.089E-12	115.342E+0
-1.15040E+0	31.3223E+3	164.348E-12	111.025E+0
-1.15972E+0	31.3223E+3	178.053E-12	105.026E+0
-1.16903E+0	31.3223E+3	178.925E-12	108.836E+0
-1.17835E+0	31.3223E+3	187.031E-12	105.585E+0
-1.18766E+0	31.3223E+3	188.418E-12	116.001E+0
-1.19698E+0	31.3223E+3	184.130E-12	116.023E+0
-1.20629E+0	31.3223E+3	173.709E-12	115.367E+0
-1.21561E+0	31.3223E+3	175.586E-12	110.612E+0
-1.22492E+0	31.3223E+3	157.127E-12	109.162E+0
-1.23424E+0	31.3223E+3	174.111E-12	108.455E+0
-1.24355E+0	31.3223E+3	166.372E-12	108.449E+0
-1.25287E+0	31.3223E+3	166.543E-12	108.853E+0
-1.26218E+0	31.3223E+3	160.954E-12	111.145E+0
-1.27150E+0	31.3223E+3	152.749E-12	113.082E+0
-1.28081E+0	31.3223E+3	153.275E-12	107.879E+0
-1.29013E+0	31.3223E+3	161.583E-12	110.040E+0
-1.29944E+0	31.3223E+3	170.884E-12	118.094E+0
-1.30876E+0	31.3223E+3	144.872E-12	121.644E+0
-1.31807E+0	31.3223E+3	142.115E-12	116.286E+0
-1.32739E+0	31.3223E+3	138.824E-12	110.635E+0
-1.33670E+0	31.3223E+3	157.323E-12	112.627E+0
-1.34602E+0	31.3223E+3	156.815E-12	109.151E+0
-1.35533E+0	31.3223E+3	156.284E-12	114.258E+0
-1.36465E+0	31.3223E+3	147.852E-12	112.765E+0
-1.37396E+0	31.3223E+3	146.586E-12	108.469E+0
-1.38328E+0	31.3223E+3	143.363E-12	113.885E+0
-1.39259E+0	31.3223E+3	136.666E-12	113.346E+0
-1.40191E+0	31.3223E+3	147.887E-12	110.163E+0
-1.41122E+0	31.3223E+3	145.723E-12	110.744E+0
-1.42054E+0	31.3223E+3	137.916E-12	110.725E+0
-1.42985E+0	31.3223E+3	143.159E-12	110.226E+0
-1.43917E+0	31.3223E+3	146.987E-12	111.763E+0
-1.44848E+0	31.3223E+3	138.558E-12	114.434E+0
-1.45780E+0	31.3223E+3	146.106E-12	110.737E+0
-1.46711E+0	31.3223E+3	123.878E-12	111.106E+0
-1.47643E+0	31.3223E+3	140.873E-12	109.158E+0
-1.48574E+0	31.3223E+3	131.898E-12	111.552E+0
-1.49506E+0	31.3223E+3	152.091E-12	111.849E+0
-1.50437E+0	31.3223E+3	128.812E-12	109.606E+0
-1.51369E+0	31.3223E+3	140.002E-12	112.135E+0
-1.52300E+0	31.3223E+3	128.130E-12	117.594E+0
-1.53232E+0	31.3223E+3	131.022E-12	112.132E+0
-1.54163E+0	31.3223E+3	136.576E-12	112.384E+0
-1.55095E+0	31.3223E+3	122.082E-12	111.161E+0
-1.56026E+0	31.3223E+3	130.582E-12	113.026E+0
-1.56958E+0	31.3223E+3	123.229E-12	111.835E+0
-1.57889E+0	31.3223E+3	132.922E-12	110.087E+0
-1.58821E+0	31.3223E+3	121.595E-12	109.367E+0
-1.59752E+0	31.3223E+3	130.894E-12	116.530E+0
-1.60684E+0	31.3223E+3	118.630E-12	115.610E+0
-1.61615E+0	31.3223E+3	129.236E-12	112.101E+0
-1.62547E+0	31.3223E+3	122.879E-12	113.292E+0
-1.63478E+0	31.3223E+3	119.572E-12	114.097E+0
-1.64410E+0	31.3223E+3	120.445E-12	114.822E+0
-1.65341E+0	31.3223E+3	120.459E-12	111.938E+0
-1.66273E+0	31.3223E+3	127.146E-12	110.129E+0
-1.67204E+0	31.3223E+3	116.231E-12	115.184E+0
-1.68136E+0	31.3223E+3	117.490E-12	107.731E+0
-1.69067E+0	31.3223E+3	117.338E-12	111.041E+0
-1.69999E+0	31.3223E+3	115.458E-12	113.432E+0
-1.70930E+0	31.3223E+3	124.618E-12	111.516E+0
-1.71862E+0	31.3223E+3	111.182E-12	111.374E+0
-1.72793E+0	31.3223E+3	125.172E-12	116.856E+0
-1.73725E+0	31.3223E+3	117.552E-12	112.584E+0
-1.74656E+0	31.3223E+3	114.094E-12	112.449E+0
-1.75588E+0	31.3223E+3	117.063E-12	115.318E+0
-1.76519E+0	31.3223E+3	112.676E-12	109.301E+0
-1.77451E+0	31.3223E+3	107.609E-12	114.341E+0
-1.78382E+0	31.3223E+3	104.679E-12	113.640E+0
-1.79314E+0	31.3223E+3	115.718E-12	114.513E+0
-1.80245E+0	31.3223E+3	106.504E-12	110.519E+0
-1.81177E+0	31.3223E+3	108.765E-12	112.269E+0
-1.82108E+0	31.3223E+3	104.066E-12	111.965E+0
-1.83040E+0	31.3223E+3	102.897E-12	114.227E+0
-1.83971E+0	31.3223E+3	108.267E-12	113.732E+0
-1.84903E+0	31.3223E+3	106.931E-12	114.155E+0
-1.85834E+0	31.3223E+3	99.5175E-12	110.414E+0
-1.86766E+0	31.3223E+3	103.255E-12	112.675E+0
-1.87697E+0	31.3223E+3	106.591E-12	110.167E+0
-1.88629E+0	31.3223E+3	108.027E-12	116.195E+0
-1.89560E+0	31.3223E+3	105.009E-12	112.443E+0
-1.90492E+0	31.3223E+3	102.131E-12	112.714E+0
-1.91423E+0	31.3223E+3	107.610E-12	114.040E+0
-1.92355E+0	31.3223E+3	100.343E-12	115.292E+0
-1.93286E+0	31.3223E+3	101.104E-12	111.978E+0
-1.94218E+0	31.3223E+3	106.906E-12	113.991E+0
-1.95149E+0	31.3223E+3	100.846E-12	112.985E+0
-1.96081E+0	31.3223E+3	105.376E-12	114.869E+0
-1.97012E+0	31.3223E+3	100.240E-12	114.060E+0
-1.97944E+0	31.3223E+3	102.323E-12	115.093E+0
-1.98875E+0	31.3223E+3	96.2445E-12	111.275E+0
-1.99807E+0	31.3223E+3	96.9502E-12	114.864E+0
-2.00738E+0	31.3223E+3	102.451E-12	114.948E+0
-2.01670E+0	31.3223E+3	93.4745E-12	113.087E+0
-2.02601E+0	31.3223E+3	98.8764E-12	113.227E+0
-2.03533E+0	31.3223E+3	96.7410E-12	111.713E+0
-2.04464E+0	31.3223E+3	96.0608E-12	111.537E+0
-2.05396E+0	31.3223E+3	94.6801E-12	109.897E+0
-2.06327E+0	31.3223E+3	95.1627E-12	113.315E+0
-2.07259E+0	31.3223E+3	93.6656E-12	110.552E+0
-2.08190E+0	31.3223E+3	97.8196E-12	112.312E+0
-2.09122E+0	31.3223E+3	95.7272E-12	112.476E+0
-2.10053E+0	31.3223E+3	104.482E-12	110.043E+0
-2.10985E+0	31.3223E+3	96.4806E-12	111.072E+0
-2.11916E+0	31.3223E+3	92.0246E-12	112.867E+0
-2.12848E+0	31.3223E+3	93.4578E-12	114.649E+0
-2.13779E+0	31.3223E+3	89.8240E-12	111.409E+0
-2.14711E+0	31.3223E+3	92.9969E-12	115.517E+0
-2.15642E+0	31.3223E+3	91.2359E-12	113.350E+0
-2.16574E+0	31.3223E+3	90.8204E-12	110.115E+0
-2.17505E+0	31.3223E+3	93.2310E-12	112.980E+0
-2.18437E+0	31.3223E+3	89.6266E-12	111.155E+0
-2.19368E+0	31.3223E+3	89.5899E-12	115.591E+0
-2.20300E+0	31.3223E+3	91.6563E-12	111.500E+0
-2.21231E+0	31.3223E+3	92.6391E-12	117.017E+0
-2.22163E+0	31.3223E+3	88.5601E-12	112.754E+0
-2.23094E+0	31.3223E+3	85.1591E-12	112.286E+0
-2.24026E+0	31.3223E+3	91.2308E-12	111.377E+0
-2.24957E+0	31.3223E+3	83.1860E-12	115.368E+0
-2.25889E+0	31.3223E+3	86.0345E-12	115.943E+0
-2.26820E+0	31.3223E+3	88.6822E-12	114.045E+0
-2.27752E+0	31.3223E+3	92.1703E-12	114.247E+0
-2.28683E+0	31.3223E+3	95.2103E-12	114.772E+0
-2.29615E+0	31.3223E+3	85.3669E-12	118.569E+0
-2.30546E+0	31.3223E+3	88.6895E-12	111.937E+0
-2.31478E+0	31.3223E+3	86.3353E-12	113.068E+0
-2.32409E+0	31.3223E+3	83.7634E-12	110.677E+0
-2.33341E+0	31.3223E+3	85.2462E-12	115.320E+0
-2.34272E+0	31.3223E+3	86.0848E-12	109.707E+0
-2.35204E+0	31.3223E+3	91.1218E-12	113.015E+0
-2.36135E+0	31.3223E+3	87.5462E-12	116.777E+0
-2.37067E+0	31.3223E+3	83.2765E-12	113.743E+0
-2.37998E+0	31.3223E+3	80.9517E-12	112.890E+0
